8

0
4
-6.92265663524446E-02 -3.95876472254998E-02  0  6.17650202785284E-02-3.95876472254998E-02 0
 6.17650202785284E-02 -3.95876472254998E-02  .067  6.17650202785284E-02-3.95876472254998E-02 0
-6.92265663524446E-02 -3.95876472254998E-02  .067  6.17650202785284E-02-3.95876472254998E-02 .067
-6.92265663524446E-02 -3.95876472254998E-02  .067 -6.92265663524446E-02-3.95876472254998E-02 0

1
4
 6.17650202785284E-02 -3.95876472254998E-02  0  6.17650202785284E-02 3.54423438511019E-02 0
 6.17650202785284E-02  3.54423438511019E-02  .067  6.17650202785284E-02 3.54423438511019E-02 0
 6.17650202785284E-02 -3.95876472254998E-02  .067  6.17650202785284E-02 3.54423438511019E-02 .067
 6.17650202785284E-02 -3.95876472254998E-02  .067  6.17650202785284E-02-3.95876472254998E-02 0

2
4
 6.17650202785284E-02  3.54423438511019E-02  0 -1.32649707980733E-02 3.54423438511019E-02 0
-1.32649707980733E-02  3.54423438511019E-02  .067 -1.32649707980733E-02 3.54423438511019E-02 0
 6.17650202785284E-02  3.54423438511019E-02  .067 -1.32649707980733E-02 3.54423438511019E-02 .067
 6.17650202785284E-02  3.54423438511019E-02  .067  6.17650202785284E-02 3.54423438511019E-02 0

3
4
-1.32649707980733E-02  3.54423438511019E-02  0 -1.32649707980733E-02 9.09894090680335E-02 0
-1.32649707980733E-02  9.09894090680335E-02  .067 -1.32649707980733E-02 9.09894090680335E-02 0
-1.32649707980733E-02  3.54423438511019E-02  .067 -1.32649707980733E-02 9.09894090680335E-02 .067
-1.32649707980733E-02  3.54423438511019E-02  .067 -1.32649707980733E-02 3.54423438511019E-02 0

4
4
-1.32649707980733E-02  9.09894090680335E-02  0 -6.92265663524446E-02 9.09894090680335E-02 0
-6.92265663524446E-02  9.09894090680335E-02  .067 -6.92265663524446E-02 9.09894090680335E-02 0
-1.32649707980733E-02  9.09894090680335E-02  .067 -6.92265663524446E-02 9.09894090680335E-02 .067
-1.32649707980733E-02  9.09894090680335E-02  .067 -1.32649707980733E-02 9.09894090680335E-02 0

5
4
-6.92265663524446E-02  9.09894090680335E-02  0 -6.92265663524446E-02-3.95876472254998E-02 0
-6.92265663524446E-02 -3.95876472254998E-02  .067 -6.92265663524446E-02-3.95876472254998E-02 0
-6.92265663524446E-02  9.09894090680335E-02  .067 -6.92265663524446E-02-3.95876472254998E-02 .067
-6.92265663524446E-02  9.09894090680335E-02  .067 -6.92265663524446E-02 9.09894090680335E-02 0

6
6
-6.92265663524446E-02  9.09894090680335E-02  .067 -6.92265663524446E-02-3.95876472254998E-02 .067
-6.92265663524446E-02 -3.95876472254998E-02  .067  6.17650202785284E-02-3.95876472254998E-02 .067
 6.17650202785284E-02 -3.95876472254998E-02  .067  6.17650202785284E-02 3.54423438511019E-02 .067
 6.17650202785284E-02  3.54423438511019E-02  .067 -1.32649707980733E-02 3.54423438511019E-02 .067
-1.32649707980733E-02  3.54423438511019E-02  .067 -1.32649707980733E-02 9.09894090680335E-02 .067
-1.32649707980733E-02  9.09894090680335E-02  .067 -6.92265663524446E-02 9.09894090680335E-02 .067

7
6
-6.92265663524446E-02 -3.95876472254998E-02  0  6.17650202785284E-02-3.95876472254998E-02 0
-6.92265663524446E-02  9.09894090680335E-02  0 -6.92265663524446E-02-3.95876472254998E-02 0
-1.32649707980733E-02  9.09894090680335E-02  0 -6.92265663524446E-02 9.09894090680335E-02 0
-1.32649707980733E-02  3.54423438511019E-02  0 -1.32649707980733E-02 9.09894090680335E-02 0
 6.17650202785284E-02  3.54423438511019E-02  0 -1.32649707980733E-02 3.54423438511019E-02 0
 6.17650202785284E-02 -3.95876472254998E-02  0  6.17650202785284E-02 3.54423438511019E-02 0
